0 69
1 75
2 80
3 86
4 92
5 97
6 103
7 108
8 114
9 120
10 125
11 131
12 136
13 142
14 147
15 153
16 157
17 163
18 168
19 174
20 179
21 185
22 190
23 196
24 201
25 207
26 213
27 218
28 223
29 230
30 235
31 241
32 246
33 252
34 258
35 264
36 270
37 276
38 282
39 289
40 298
41 305
42 311
43 318
44 325
45 333
46 339
47 346
48 354
49 361
50 369
51 377
52 385
53 392
54 400
55 410
56 417
57 426
58 433
59 442
60 453
61 461
62 469
63 478
64 487
65 497
66 508
67 517
68 525
69 536
70 546
71 558
72 567
73 578
74 587
75 599
76 610
77 619
78 630
79 642
80 653
81 666
82 677
83 688
84 700
85 712
86 722
87 737
88 748
89 759
90 773
91 784
92 797
93 810
94 825
95 838
96 851
97 866
98 878
99 891
