0 109
1 120
2 129
3 141
4 148
5 160
6 168
7 179
8 188
9 199
10 207
11 217
12 227
13 236
14 246
15 256
16 264
17 274
18 284
19 293
20 303
21 313
22 323
23 332
24 341
25 350
26 360
27 371
28 378
29 389
30 398
31 409
32 418
33 429
34 438
35 449
36 459
37 469
38 478
39 491
40 502
41 511
42 520
43 532
44 542
45 553
46 565
47 576
48 587
49 600
50 611
51 623
52 635
53 647
54 659
55 672
56 684
57 696
58 709
59 722
60 735
61 748
62 761
63 777
64 788
65 803
66 817
67 829
68 843
69 859
70 871
71 887
72 901
73 916
74 931
75 946
76 962
77 977
78 991
79 1009
80 1025
81 1041
82 1059
83 1073
84 1090
85 1105
86 1123
87 1141
88 1156
89 1173
90 1192
91 1209
92 1229
93 1248
94 1269
95 1283
96 1301
97 1320
98 1337
99 1356
