0 69
1 76
2 82
3 88
4 93
5 100
6 104
7 110
8 116
9 123
10 128
11 135
12 139
13 147
14 150
15 158
16 161
17 169
18 173
19 183
20 186
21 193
22 197
23 205
24 209
25 215
26 221
27 227
28 233
29 239
30 245
31 252
32 257
33 263
34 270
35 276
36 284
37 288
38 297
39 302
40 310
41 315
42 322
43 330
44 337
45 343
46 353
47 362
48 370
49 378
50 385
51 395
52 401
53 412
54 418
55 427
56 437
57 444
58 451
59 463
60 471
61 481
62 492
63 499
64 509
65 516
66 527
67 536
68 546
69 556
70 568
71 579
72 590
73 600
74 610
75 621
76 635
77 647
78 659
79 670
80 682
81 694
82 708
83 718
84 731
85 743
86 756
87 768
88 782
89 794
90 808
91 821
92 834
93 851
94 861
95 875
96 889
97 902
98 917
99 931
