0 146
1 160
2 174
3 188
4 200
5 215
6 227
7 241
8 254
9 267
10 279
11 293
12 306
13 319
14 331
15 344
16 357
17 370
18 383
19 395
20 408
21 422
22 435
23 448
24 460
25 472
26 485
27 498
28 511
29 524
30 537
31 549
32 562
33 575
34 588
35 601
36 614
37 628
38 640
39 653
40 666
41 680
42 693
43 706
44 719
45 732
46 747
47 759
48 774
49 787
50 801
51 815
52 828
53 842
54 855
55 869
56 884
57 897
58 910
59 924
60 938
61 952
62 965
63 981
64 995
65 1011
66 1026
67 1040
68 1054
69 1068
70 1082
71 1097
72 1112
73 1126
74 1141
75 1156
76 1170
77 1187
78 1202
79 1217
80 1231
81 1247
82 1261
83 1277
84 1292
85 1309
86 1324
87 1339
88 1355
89 1372
90 1387
91 1403
92 1419
93 1436
94 1451
95 1468
96 1484
97 1500
98 1516
99 1532
