0 73
1 79
2 86
3 93
4 99
5 105
6 112
7 118
8 124
9 131
10 137
11 144
12 150
13 156
14 162
15 169
16 175
17 181
18 187
19 194
20 200
21 207
22 213
23 219
24 225
25 232
26 240
27 247
28 253
29 259
30 266
31 273
32 279
33 286
34 292
35 302
36 307
37 315
38 320
39 328
40 335
41 342
42 351
43 358
44 365
45 375
46 381
47 390
48 398
49 408
50 415
51 424
52 432
53 440
54 450
55 459
56 469
57 478
58 488
59 496
60 507
61 517
62 527
63 540
64 547
65 559
66 573
67 580
68 590
69 601
70 614
71 626
72 637
73 648
74 661
75 672
76 685
77 697
78 710
79 723
80 735
81 749
82 762
83 774
84 787
85 804
86 816
87 830
88 844
89 858
90 874
91 886
92 901
93 916
94 931
95 947
96 962
97 978
98 992
99 1008
