0 131
1 143
2 155
3 167
4 179
5 191
6 202
7 214
8 226
9 238
10 249
11 261
12 272
13 284
14 295
15 307
16 318
17 330
18 341
19 352
20 365
21 376
22 388
23 398
24 410
25 422
26 433
27 444
28 456
29 467
30 479
31 491
32 502
33 514
34 526
35 538
36 550
37 561
38 574
39 586
40 598
41 610
42 622
43 634
44 647
45 659
46 671
47 684
48 697
49 710
50 722
51 735
52 749
53 763
54 775
55 788
56 802
57 814
58 828
59 841
60 855
61 868
62 882
63 896
64 910
65 925
66 939
67 954
68 967
69 981
70 996
71 1010
72 1025
73 1039
74 1055
75 1070
76 1085
77 1100
78 1115
79 1130
80 1146
81 1161
82 1177
83 1193
84 1209
85 1225
86 1241
87 1258
88 1273
89 1290
90 1306
91 1323
92 1339
93 1357
94 1373
95 1391
96 1407
97 1424
98 1442
99 1460
