0 297
1 323
2 351
3 380
4 409
5 435
6 462
7 490
8 517
9 543
10 569
11 599
12 625
13 653
14 682
15 709
16 736
17 762
18 792
19 820
20 843
21 869
22 898
23 925
24 954
25 980
26 1009
27 1038
28 1063
29 1092
30 1120
31 1151
32 1177
33 1206
34 1243
35 1271
36 1302
37 1332
38 1362
39 1393
40 1428
41 1457
42 1493
43 1524
44 1558
45 1587
46 1621
47 1656
48 1690
49 1727
50 1763
51 1800
52 1839
53 1873
54 1915
55 1954
56 1991
57 2035
58 2076
59 2120
60 2164
61 2201
62 2248
63 2301
64 2338
65 2387
66 2423
67 2476
68 2518
69 2567
70 2616
71 2673
72 2718
73 2772
74 2815
75 2875
76 2942
77 2970
78 3028
79 3094
80 3135
81 3208
82 3251
83 3299
84 3356
85 3417
86 3472
87 3537
88 3596
89 3667
90 3719
91 3788
92 3838
93 3900
94 3957
95 4016
96 4083
97 4134
98 4171
99 4358
