0 589
1 644
2 700
3 758
4 814
5 870
6 928
7 986
8 1039
9 1097
10 1153
11 1210
12 1264
13 1322
14 1388
15 1434
16 1490
17 1546
18 1603
19 1659
20 1717
21 1772
22 1828
23 1887
24 1941
25 1997
26 2053
27 2111
28 2166
29 2221
30 2279
31 2345
32 2391
33 2447
34 2502
35 2560
36 2615
37 2671
38 2728
39 2783
40 2839
41 2895
42 2951
43 3007
44 3065
45 3120
46 3176
47 3231
48 3288
49 3341
50 3398
51 3455
52 3510
53 3569
54 3631
55 3687
56 3742
57 3798
58 3853
59 3909
60 3964
61 4018
62 4075
63 4130
64 4186
65 4248
66 4297
67 4352
68 4416
69 4469
70 4519
71 4576
72 4630
73 4700
74 4744
75 4802
76 4857
77 4873
78 4967
79 5024
80 5081
81 5167
82 5195
83 5244
84 5300
85 5357
86 5416
87 5475
88 5532
89 5590
90 5646
91 5705
92 5756
93 5797
94 5855
95 5909
96 5969
97 6028
98 6077
99 6133
