0 455
1 498
2 543
3 586
4 630
5 674
6 718
7 761
8 806
9 847
10 891
11 935
12 978
13 1021
14 1065
15 1107
16 1151
17 1193
18 1238
19 1280
20 1324
21 1366
22 1410
23 1453
24 1497
25 1540
26 1584
27 1626
28 1670
29 1713
30 1756
31 1799
32 1842
33 1885
34 1928
35 1971
36 2017
37 2057
38 2100
39 2143
40 2186
41 2230
42 2271
43 2314
44 2356
45 2398
46 2441
47 2484
48 2528
49 2570
50 2616
51 2656
52 2699
53 2741
54 2784
55 2827
56 2869
57 2912
58 2955
59 2997
60 3040
61 3083
62 3125
63 3168
64 3219
65 3267
66 3310
67 3353
68 3396
69 3438
70 3481
71 3524
72 3566
73 3608
74 3650
75 3694
76 3737
77 3777
78 3820
79 3862
80 3910
81 3951
82 3991
83 4036
84 4077
85 4123
86 4164
87 4208
88 4251
89 4290
90 4333
91 4376
92 4420
93 4459
94 4503
95 4547
96 4591
97 4631
98 4675
99 4717
