0 137
1 152
2 162
3 177
4 187
5 201
6 211
7 222
8 234
9 246
10 257
11 269
12 281
13 291
14 307
15 314
16 326
17 336
18 348
19 360
20 373
21 383
22 395
23 407
24 417
25 427
26 439
27 450
28 462
29 472
30 485
31 498
32 509
33 522
34 534
35 546
36 559
37 572
38 584
39 596
40 609
41 622
42 634
43 646
44 664
45 675
46 692
47 705
48 722
49 736
50 749
51 768
52 783
53 799
54 815
55 832
56 853
57 867
58 890
59 901
60 922
61 937
62 960
63 987
64 998
65 1020
66 1037
67 1058
68 1078
69 1102
70 1125
71 1156
72 1174
73 1195
74 1218
75 1241
76 1268
77 1290
78 1313
79 1340
80 1366
81 1390
82 1428
83 1441
84 1468
85 1495
86 1522
87 1555
88 1580
89 1605
90 1634
91 1659
92 1689
93 1719
94 1746
95 1775
96 1806
97 1829
98 1858
99 1888
