0 208
1 228
2 246
3 266
4 284
5 304
6 322
7 338
8 359
9 376
10 395
11 413
12 431
13 451
14 469
15 488
16 505
17 524
18 544
19 562
20 580
21 598
22 618
23 636
24 653
25 673
26 692
27 711
28 731
29 751
30 769
31 791
32 810
33 830
34 853
35 873
36 893
37 914
38 935
39 956
40 979
41 998
42 1022
43 1045
44 1068
45 1089
46 1111
47 1135
48 1162
49 1185
50 1208
51 1234
52 1259
53 1288
54 1313
55 1341
56 1373
57 1395
58 1421
59 1447
60 1478
61 1506
62 1534
63 1569
64 1598
65 1635
66 1664
67 1697
68 1726
69 1762
70 1797
71 1831
72 1864
73 1902
74 1934
75 1975
76 2007
77 2047
78 2086
79 2135
80 2168
81 2210
82 2252
83 2284
84 2323
85 2366
86 2406
87 2449
88 2484
89 2534
90 2595
91 2616
92 2654
93 2694
94 2738
95 2791
96 2825
97 2871
98 2917
99 2958
