0 732
1 799
2 869
3 942
4 1010
5 1082
6 1152
7 1225
8 1292
9 1364
10 1435
11 1507
12 1576
13 1644
14 1717
15 1794
16 1857
17 1931
18 1996
19 2072
20 2143
21 2214
22 2280
23 2355
24 2421
25 2494
26 2561
27 2633
28 2703
29 2777
30 2842
31 2919
32 2983
33 3053
34 3122
35 3193
36 3265
37 3342
38 3404
39 3473
40 3544
41 3615
42 3686
43 3754
44 3829
45 3891
46 3972
47 4034
48 4111
49 4172
50 4244
51 4313
52 4382
53 4454
54 4520
55 4598
56 4661
57 4739
58 4800
59 4873
60 4938
61 5011
62 5079
63 5149
64 5220
65 5310
66 5358
67 5430
68 5497
69 5575
70 5638
71 5715
72 5782
73 5899
74 5919
75 5999
76 6064
77 6029
78 6199
79 6280
80 6335
81 6466
82 6476
83 6546
84 6614
85 6700
86 6758
87 6828
88 6895
89 6994
90 7039
91 7109
92 7180
93 7245
94 7316
95 7390
96 7459
97 7537
98 7596
99 7675
